2118
1047
1968
4094
2188
1915
693
3406
3661
3880
4691
2831
4982
4584
3523
1365
3644
1254
2983
1534
4414
92
1161
3670
1343
1602
2955
1839
1085
2980
250
3090
2645
1121
479
2472
860
4193
4330
480
3311
709
128
2855
2621
232
1661
9
378
3045
1710
4602
210
4334
501
2027
4886
3298
2751
587
3961
3854
2321
681
3630
1602
186
3862
4106
1051
505
4452
1924
2504
3223
3706
4964
3307
1049
1111
4941
2946
1461
3041
1270
648
2881
3312
620
3453
2587
2562
1442
3743
1520
4457
3388
4448
4225
1020
46
2800
904
4328
2540
2259
2678
2706
1111
1795
2063
1580
2249
1641
647
1016
2394
4280
4412
2983
3721
1875
3242
653
3465
2944
3011
3182
984
3767
318
517
4082
30
1066
2142
2042
2134
502
4012
2970
175
2201
3826
1390
1008
313
4802
3097
505
2064
4108
37
1243
2300
3171
4558
251
863
4597
4249
4497
1723
2345
1477
1547
2498
2220
575
3505
3974
260
3779
400
13
3546
4674
4417
4264
2458
2631
3210
86
480
1703
1211
481
2840
2731
2895
2584
1791
1271
905
4764
3474
3453
4857
2349
4843
3510
3094
4227
4592
1531
1805
329
4637
1230
3754
3498
142
988
3406
1966
1040
4411
1243
642
267
1067
4659
4490
2681
921
2183
3989
2874
637
1540
94
4817
2069
4421
3948
4538
3983
494
3949
4899
882
844
1610
3978
4398
2443
804
2866
3940
3724
4063
2210
4216
2082
3777
3852
3605
1547
3671
4349
2816
2456
4000
4690
3660
3681
3073
1568
4458
2429
2057
3918
2295
744
4386
223
3049
513
3283
3479
1380
1123
3935
1913
2478
2884
602
4988
644
97
934
2437
1824
4601
2083
3427
1845
1920
318
718
4370
4236
3409
1512
1668
146
4916
3472
2696
3554
803
3093
3265
193
2969
1693
3521
2087
2213
777
3079
3086
924
4361
1496
4621
2095
2695
3661
960
3379
1129
195
2566
4109
2144
2715
2424
246
2333
2968
2130
2292
2091
4295
2841
4173
1631
1632
391
4906
4758
4708
4541
2639
1284
3313
4048
17
2048
3051
2222
4812
1736
176
4674
2898
700
1084
826
3979
1098
1842
4880
2809
949
795
3833
67
3655
449
464
1063
3271
1055
3621
1422
655
4927
2825
3832
3668
2407
3198
4282
747
2319
556
1916
4621
4944
3474
548
807
1413
3808
2917
4828
1733
1691
490
4480
3981
1363
1600
2588
1160
1542
682
1555
3253
2244
773
3259
1994
312
3691
3644
599
2063
3631
239
1918
447
3711
1975
4917
257
1859
2247
704
1594
3923
3236
2335
4352
4687
1045
1599
1694
4588
778
4875
361
1368
2701
2701
2289
3813
1101
117
4274
4230
4671
3061
252
2563
3535
2652
4625
2672
903
4684
3435
852
1660
3321
2538
924
2643
625
2647
2045
3905
2475
2854
364
1557
4079
1011
4275
2629
1444
758
2130
1431
2364
4252
176
2084
1790
1153
3394
1974
4023
3685
1094
1440
4510
4709
4380
164
1365
1170
477
2471
2229
326
2196
207
4888
1006
4456
1642
350
44
4460
3927
1306
4421
4296
4069
2362
3841
854
4473
4254
71
4882
3791
1760
3924
2048
4371
1631
4112
1264
274
281
4660
4202
2039
2057
4969
2196
784
1697
1752
1625
3980
4226
2168
135
89
413
311
2802
2524
317
1004
3218
2159
444
3406
3448
964
3959
86
11
1239
3780
4186
3646
1646
220
2258
2013
2393
1645
70
2776
2502
3447
903
4566
4593
3790
1959
3958
1321
1311
3740
4957
4277
1442
2044
1596
3652
1522
1233
1826
1612
1742
386
200
40
3522
3490
4870
3156
3299
409
880
248
3229
717
3712
4541
3841
3856
2175
2000
1128
3691
4929
40
4229
4369
204
3177
662
3362
872
413
3244
1165
760
3062
703
4526
1071
301
2090
802
3023
902
2861
4710
1049
726
3333
2055
4811
2667
4058
4827
484
3051
458
161
811
4154
3286
1693
2494
4937
4538
468
2004
2065
4957
651
3839
4315
2785
1875
4911
327
669
4027
2180
4519
3321
4478
4845
3608
3551
3206
1355
3418
681
2709
2604
543
3716
1917
2015
397
3308
3086
1365
2393
2707
3985
770
2682
3216
497
4882
2184
4916
158
2383
1431
2981
1292
834
3808
1849
3887
1387
1332
4113
3586
1384
2248
3047
3296
600
869
4860
4514
2019
2584
2663
4787
1813
4336
3709
2163
392
3055
3325
4172
3502
524
327
1173
2562
2424
1084
3208
3549
4422
1700
33
3281
4122
2601
3523
4636
4921
4898
4014
2324
403
3140
4800
3769
3195
4480
1498
99
4686
3495
3333
3008
4942
84
861
1922
1874
734
3176
4785
1652
966
2597
884
2631
1507
2692
1735
187
2528
472
3157
4311
1848
3100
2384
527
2405
4368
2945
4587
3109
3863
927
3368
2025
3339
4038
1741
1601
2762
4187
1723
4229
672
4437
544
3916
1139
1688
1788
4763
4913
2159
3024
176
3698
3095
1984
3477
1395
4470
1367
231
198
3544
2103
1670
2517
606
3168
3654
4995
3586
4767
1285
1435
82
1176
3663
1841
1612
1267
2680
1157
4824
3197
1704
2904
3192
3328
245
2054
3265
207
3292
2821
1492
4031
2129
2335
3874
1399
533
3520
3135
4769
1328
2393
1739
3742
3616
1919
3321
1636
4784
3203
3687
4074
375
347
399
3767
4326
2279
2924
1601
1731
3379
1475
3465
4943
1051
4048
1329
2968
213
735
4160
3023
56
1869
4312
1165
4451
4712
3327
3733
1629
424
90
4134
2418
3657
1782
1936
108
2074
3254
597
1535
3039
2949
919
3274
3799
2565
2872
1992
3669
4572
2469
4527
1052
320
3479
1088
2602
4875
2568
4598
2868
102
2956
1386
4332
2525
2395
2266
4394
2861
3139
2482
3564
1489
2017
3920
3394
2892
652
2148
456
1741
2960
853
2621
4608
1367
3338
3304
848
2506
2199
687
1000
